0 0.6531
1 -0.574901
2 -0.396585
3 -0.396585
4 -0.0764666
5 -0.396585
6 -0.0764666
7 0.21193
8 0.608012
9 0.21193
10 0.739869
11 0.739869
12 0.739869
13 -0.38208
14 0.161367
15 0.161367
16 0.161367
17 0.161367
18 0.218187
19 0.450074
20 0.51366
21 0.51366
22 0.51366
23 0.420879
24 0.420879
25 0.199948
26 -0.039764
27 -0.039764
28 1.17212
29 1.17212
30 1.22484
31 1.22484
32 1.22484
33 1.09789
34 0.662517
35 0.0914177
36 0.0914177
37 0.0914177
38 0.179056
39 0.179056
40 0.179056
41 0.179056
42 0.179056
43 0.0378431
44 0.340443
45 0.340443
46 -0.0510419
47 -0.0510419
48 0.107271
49 0.107271
50 0.184204
51 0.193008
52 0.184204
53 0.193008
54 0.184204
55 0.680133
56 0.680133
57 1.50281
58 0.680133
59 0.680133
60 1.50818
61 1.00859
62 0.495799
63 1.00859
64 1.48996
65 1.45648
66 1.45648
67 1.45648
68 1.45648
69 1.45648
70 0.855365
71 0.902768
72 1.50195
73 0.902768
74 0.902768
75 0.902768
76 0.848795
77 0.848795
78 0.480426
79 0.480426
80 0.442442
81 0.916258
82 0.555243
83 1.00182
84 0.56539
85 1.00182
86 0.56539
87 1.04426
88 0.56539
89 1.33771
90 1.33771
91 1.33771
92 0.563648
93 1.3292
94 1.3292
95 1.3292
96 1.3292
97 1.3292
98 1.1691
99 0.444138
100 0.444138
101 0.444138
102 0.377233
103 0.377233
104 0.587129
105 1.01821
106 1.28953
107 1.28953
108 1.28953
109 0.679104
110 0.679104
111 0.597965
112 0.597965
113 0.597965
114 0.902331
115 0.902331
116 0.902331
117 0.233205
118 0.230163
119 0.230163
120 0.230163
121 0.283635
122 0.283635
123 0.916431
124 0.289531
125 0.289531
126 0.289531
127 0.289531
128 0.289531
129 -0.117338
130 0.813356
131 0.923191
132 0.923191
133 0.829375
134 0.829375
135 0.782714
136 0.776899
137 0.614085
138 0.614085
139 0.614085
140 0.731041
141 0.428088
142 0.428088
143 -0.162051
144 -0.162051
145 -0.318014
146 -0.35577
147 -0.162051
148 0.630184
149 -0.35577
150 0.337618
151 0.65242
152 0.65242
153 0.337618
154 0.337618
155 0.140093
156 -0.105606
157 -0.105606
158 0.102826
159 0.102826
160 0.102826
161 0.102826
162 -0.611627
163 -0.616146
164 -0.616146
165 -0.616146
166 -0.395675
167 8.37639E-4
168 8.37639E-4
169 -0.229041
170 -0.395675
171 -0.895054
172 -0.895054
173 -0.931383
174 -0.895054
175 0.248149
176 0.248149
177 0.215202
178 0.248149
179 0.215202
180 -0.0254658
181 -0.0254658
182 -0.194927
183 -0.194927
184 -0.194927
185 -0.127991
186 0.0571727
187 0.0677828
188 0.0571727
189 0.0571727
190 -0.0779538
191 -0.379299
192 -0.554886
193 -0.554886
194 -0.724646
195 -0.724646
196 -0.724646
197 -0.724646
198 -0.696646
199 -0.0455584
200 0.00659752
201 0.00659752
202 0.00659752
203 -0.324077
204 -0.566118
205 -1.24164
206 -0.777273
207 -0.777273
208 -0.777273
209 -0.777273
210 -0.777273
211 -1.12311
212 -1.12311
213 -1.77008
214 -1.77008
215 -0.939761
216 -0.653967
217 -0.939761
218 -0.939761
219 -0.939761
220 -0.342451
221 -0.945266
222 -0.581819
223 -0.581819
224 -0.66013
225 -0.66013
226 -0.66013
227 -0.66013
228 -0.823311
229 -0.823311
230 -0.823311
231 -0.807428
232 -1.29794
233 -1.29794
234 -1.39477
235 -1.48222
236 -1.53408
237 -1.55242
238 -1.55242
239 -1.55242
240 -1.55242
241 -1.06452
242 -1.06452
243 -0.877469
244 -0.877469
245 -0.814153
246 -1.05073
247 -0.814153
248 -0.709705
249 -0.709705
250 -0.81076
251 -0.709705
252 -0.81076
253 -1.28371
254 -1.28371
255 -1.28371
256 -1.28371
257 -1.14235
258 -1.08527
259 -0.535108
260 -0.535108
261 -1.14235
262 -0.535108
263 -1.63717
264 -1.63717
265 -0.989033
266 -0.989033
267 -0.989033
268 -0.989033
269 -1.21672
270 -1.37717
271 -1.21672
272 -1.21672
273 0.0129597
274 0.138073
275 0.138073
276 0.0129597
277 -1.32325
278 -1.32325
279 -1.32325
280 -0.84333
281 -0.296625
282 -0.296625
283 -0.619869
284 -0.619869
285 -1.01858
286 -1.01858
287 -1.01858
288 -0.489102
289 -0.489102
290 -0.489102
291 -0.5702
292 -0.5702
293 -0.5702
294 0.401046
295 0.401046
296 0.401046
297 0.349812
298 0.225938
299 -0.778589
300 -0.778589
301 -0.216095
302 -0.35729
303 -0.216095
304 -0.216095
305 0.0923374
306 0.0923374
307 0.0923374
308 0.0167975
309 0.0167975
310 0.0167975
311 -0.788383
312 -0.788383
313 0.109115
314 0.109115
315 -0.313616
316 0.109115
317 0.661514
318 -0.313616
319 -0.313616
320 -0.483151
321 -0.483151
322 -0.483151
323 -0.00138001
324 0.237895
325 0.237895
326 0.304807
327 -2.99037E-4
328 0.304807
329 0.381182
330 0.776141
331 0.381182
332 0.776141
333 0.76415
334 0.76415
335 0.227091
336 0.227091
337 0.157355
338 0.157355
339 0.0302517
340 -0.194115
341 -0.194115
342 0.0198107
343 0.0198107
344 0.0421569
345 0.41114
346 0.41114
347 0.652338
348 1.03
349 1.03
350 1.09809
351 1.09809
352 0.815011
353 0.815011
354 0.815011
355 0.815011
356 0.227805
357 0.92666
358 0.612668
359 0.884075
360 0.884075
361 1.46574
362 0.884075
363 0.884075
364 0.663337
365 0.381187
366 0.381187
367 0.663337
368 1.47166
369 1.47166
370 1.47166
371 1.0924
372 1.0924
373 0.479688
374 0.2396
375 0.479688
376 0.987298
377 0.987298
378 0.987298
379 0.987298
380 0.891293
381 0.778444
382 0.664503
383 0.778444
384 0.822638
385 0.778444
386 0.822638
387 0.984487
388 0.822638
389 0.984487
390 1.70186
391 1.70186
392 1.23616
393 1.71664
394 1.71664
395 1.71664
396 1.75432
397 1.75432
398 1.8612
399 1.8612
400 1.36235
401 1.23895
402 1.23895
403 0.90909
404 0.90909
405 0.90909
406 0.90909
407 1.11057
408 1.12253
409 1.11057
410 1.19662
411 1.19662
412 -0.0192994
413 -0.0192994
414 0.661072
415 0.661072
416 0.664981
417 0.759365
418 0.759365
419 0.664981
420 0.380743
421 0.380743
422 0.380743
423 0.380743
424 0.598822
425 0.899367
426 0.899367
427 1.06717
428 1.07509
429 1.40672
430 1.40672
431 1.40672
432 0.753908
433 0.152969
434 0.152969
435 0.753908
436 0.816084
437 0.816084
438 0.816084
439 0.816084
440 0.816084
441 0.398729
442 0.591228
443 0.89288
444 0.591228
445 0.591228
446 0.591228
447 0.837458
448 0.837458
449 0.837458
450 0.519214
451 0.519214
452 0.519214
453 0.460553
454 0.360081
455 0.022898
456 0.360081
457 0.022898
458 0.0228406
459 -0.0734505
460 0.0228406
461 -0.0608669
462 -0.0608669
463 -0.0608669
464 0.375773
465 0.215076
466 0.215076
467 0.215076
468 0.224863
469 0.224863
470 0.293279
471 0.464985
472 0.464985
473 0.293279
474 0.258721
475 0.258721
476 0.0324065
477 -0.617451
478 0.258721
479 -0.280684
480 -0.280684
481 -0.0754647
482 -0.0351588
483 -0.0754647
484 -0.0351588
485 -0.0351588
486 0.0126394
487 0.0563475
488 0.207321
489 0.207321
490 0.207321
491 -0.0744114
492 -0.0744114
493 -0.0744114
494 -0.0744114
495 0.0645381
496 0.0645381
497 -0.235732
498 -0.235732
499 -0.200293
500 -0.200293
501 -0.0777399
502 -0.0777399
503 -0.200293
504 -0.291535
505 -0.461985
506 -1.09027
507 -1.54975
508 -1.54975
509 -0.552875
510 -0.942978
511 -0.552875
512 -0.552875
513 -0.942978
514 -0.942978
515 -1.38192
516 -1.48339
517 -1.48339
518 -1.07313
519 -1.07313
520 -1.07313
521 -0.946142
522 -0.249709
523 -0.249709
524 -0.942396
525 -0.335908
526 -0.942396
527 -0.942396
528 -1.02463
529 -1.2577
530 -1.2577
531 -1.2577
532 -1.2577
533 -1.2577
534 -1.00945
535 -1.45602
536 -1.35068
537 -1.35068
538 -1.35068
539 -1.45602
540 -1.35068
541 -1.60852
542 -1.60852
543 -1.60852
544 -1.46403
545 -1.46403
546 -1.46403
547 -0.850846
548 -0.850846
549 -1.17819
550 -1.17819
551 -1.17819
552 -1.17819
553 -1.03441
554 -0.954538
555 -0.954538
556 -0.954538
557 -0.756753
558 -0.320769
559 -0.622722
560 -0.622722
561 -0.622722
562 -1.18572
563 -1.20608
564 -1.20608
565 -1.18572
566 -0.646469
567 -0.646469
568 -0.257229
569 -0.584375
570 -0.584375
571 -0.584375
572 -0.584375
573 -1.21324
574 -1.35501
575 -1.23912
576 -1.35501
577 -1.35501
578 -1.34263
579 -1.23912
580 -1.26024
581 -0.606229
582 -1.26024
583 -1.11988
584 -1.11988
585 -0.539571
586 -0.0546772
587 -0.0141799
588 -0.0141799
589 -0.0546772
590 -0.435125
591 -0.435125
592 -0.454134
593 -0.454134
594 -0.454134
595 -0.154609
596 -0.454134
597 -0.875693
598 -0.900373
599 -1.24409
600 -1.24409
601 -0.900373
602 -0.787499
603 -0.632947
604 -0.632947
605 -0.632947
606 -0.729495
607 -0.729495
608 -0.729495
609 -0.727929
610 -0.319729
611 -0.051686
612 -0.051686
613 1.99974E-4
614 0.0252684
615 0.0252684
616 0.0709579
617 0.0709579
618 0.0709579
619 0.0546065
620 -0.126448
621 -0.126448
622 -0.126448
623 0.32993
624 0.32993
625 0.32993
626 0.16123
627 0.16123
628 0.0442234
629 0.16123
630 0.167529
631 0.167529
632 0.240004
633 0.240004
634 -0.222268
635 -0.222268
636 -0.222268
637 -0.222268
638 -0.40709
639 0.173519
640 -0.124272
641 -0.124272
642 -0.204787
643 -0.124272
644 -0.124272
645 0.245705
646 0.369196
647 0.383943
648 0.369196
649 0.369196
650 0.119167
651 0.119167
652 0.119167
653 0.264462
654 0.380678
655 0.380678
656 0.380678
657 0.380678
658 0.380678
659 0.388939
660 0.407272
661 0.407272
662 0.407272
663 0.522727
664 0.522727
665 0.169982
666 0.0618896
667 -0.0325637
668 -0.0325637
669 -0.0325637
670 0.00627083
671 0.817051
672 0.817051
673 0.817051
674 0.817051
675 0.367022
676 0.316726
677 0.190112
678 0.190112
679 0.190112
680 0.652537
681 1.2784
682 1.2784
683 1.16441
684 0.775741
685 1.16441
686 0.775741
687 0.775741
688 1.6979
689 1.73546
690 1.6979
691 1.74789
692 1.6979
693 1.63211
694 1.19547
695 1.04551
696 1.04551
697 0.630575
698 0.630575
699 0.709307
700 0.709307
701 0.685983
702 0.709307
703 1.23214
704 0.917153
705 0.917153
706 0.917153
707 0.580896
708 0.580896
709 0.538871
710 0.538871
711 0.787117
712 0.787117
713 0.538871
714 0.787117
715 1.1718
716 0.850575
717 1.1718
718 1.26266
719 1.1718
720 1.171
721 1.26266
722 1.171
723 1.171
724 1.18451
725 1.18451
726 0.74653
727 1.00964
728 0.74653
729 0.74653
730 0.74653
731 1.00964
732 1.33425
733 1.35455
734 1.33425
735 1.33425
736 1.01301
737 1.01301
738 0.488252
739 0.488252
740 0.511888
741 0.511888
742 0.488252
743 0.0973816
744 0.0973816
745 0.0973816
746 0.241947
747 0.687251
748 0.687251
749 0.687251
750 0.639788
751 0.687251
752 0.756365
753 0.841363
754 0.936497
755 0.936497
756 0.936497
757 0.61405
758 0.434975
759 0.434975
760 0.434975
761 0.149799
762 0.149799
763 0.11237
764 0.11237
765 0.115504
766 0.289384
767 0.289384
768 0.289384
769 0.289384
770 0.289384
771 0.2465
772 0.241019
773 0.176394
774 0.176394
775 0.176394
776 0.176394
777 -0.0106325
778 -0.468976
779 -0.468976
780 -0.468976
781 -0.0193894
782 0.278759
783 0.278759
784 0.278759
785 0.278759
786 0.0844865
787 -0.0640742
788 -0.039507
789 -0.039507
790 -0.039507
791 -0.0640742
792 -0.164754
793 -0.762151
794 -0.922858
795 -0.922858
796 -0.922858
797 -0.54186
798 0.0954066
799 0.0954066
800 0.0954066
801 -0.156898
802 -0.156898
803 -0.156898
804 -0.28947
805 -0.616877
806 0.134802
807 -0.616877
808 -0.744423
809 -0.744423
810 -0.744423
811 -0.891101
812 -0.744423
813 -1.08959
814 -1.08959
815 -0.601046
816 -0.601046
817 -0.91658
818 -0.457889
819 -0.457889
820 -0.91658
821 -0.91658
822 -0.392677
823 -1.13219
824 -1.13219
825 -1.44331
826 -1.44331
827 -1.61314
828 -1.44331
829 -1.50145
830 -1.50145
831 -0.889798
832 -0.839336
833 -0.839336
834 -0.839336
835 -0.839336
836 -5.45621E-4
837 -5.45621E-4
838 -1.02428
839 -0.825402
840 -0.825402
841 -0.825402
842 -0.699094
843 -0.699094
844 -0.664143
845 -0.699094
846 -0.664143
847 -0.302533
848 -0.302533
849 -1.14127
850 -0.224925
851 -1.78091
852 -1.78091
853 -0.390565
854 -0.390565
855 -0.390565
856 -0.390565
857 -0.454724
858 -0.8611
859 -1.06513
860 -1.06513
861 -1.01412
862 -0.8611
863 -0.313474
864 -0.313474
865 -0.66025
866 -0.66025
867 -0.944902
868 -0.944902
869 -0.972742
870 -0.972742
871 -0.972742
872 -0.972742
873 -0.972742
874 -0.735021
875 -0.588542
876 -0.588542
877 -0.49307
878 -0.49307
879 -0.471269
880 -0.471269
881 -0.471269
882 -0.447577
883 -0.447577
884 -0.846623
885 -0.846623
886 -0.447577
887 -0.846623
888 -1.13089
889 -1.13089
890 -1.13089
891 -1.13089
892 -1.4439
893 -1.38866
894 -1.38866
895 -1.16385
896 -1.38866
897 -1.16385
898 -0.955831
899 -0.955831
900 -0.622287
901 -0.622287
902 -0.940716
903 -1.19914
904 -0.940716
905 -0.940716
906 -0.891197
907 -0.884395
908 -0.646538
909 -0.646538
910 -0.594686
911 -0.129032
912 -0.129032
913 -0.594686
914 -0.857309
915 -0.857309
916 -0.857309
917 -0.857309
918 -1.03325
919 -1.07887
920 -1.07887
921 -1.07887
922 -1.0708
923 -1.00748
924 -1.00748
925 -0.497381
926 -0.161602
927 -0.497381
928 -0.426673
929 -0.426673
930 -0.779426
931 -0.779426
932 -0.779426
933 -0.779426
934 0.307202
935 0.307202
936 0.307202
937 0.307202
938 0.258201
939 -0.109952
940 0.258201
941 -0.104755
942 -0.104755
943 -0.104755
944 -0.0765615
945 -0.0765615
946 -0.0765615
947 -0.514681
948 0.611621
949 -0.514681
950 -0.514681
951 -0.0967063
952 0.0141959
953 -0.0967063
954 0.0141959
955 0.65521
956 0.65521
957 -0.174037
958 0.77266
959 -0.174037
960 -0.174037
961 -0.174037
962 1.03122
963 0.629865
964 0.629865
965 0.629865
966 0.629865
967 0.466165
968 0.466165
969 0.466165
970 -0.150084
971 -0.150084
972 0.606131
973 0.606131
974 0.606131
975 1.10328
976 1.10328
977 1.0463
978 0.549764
979 0.549764
980 0.206855
981 0.549764
982 0.206855
983 0.206855
984 -0.0370688
985 0.575451
986 0.575451
987 0.773776
988 0.582273
989 0.582273
990 0.582273
991 0.582273
992 0.582273
993 0.708227
994 0.708227
995 0.708227
996 0.666814
997 0.666814
998 0.0153956
999 1.2361
